2 011110001100101
3 011110001100111
4 011110001101011
5 011110001101111
6 011110001110111
7 011110001111111
8 011111111010011
9 1101000
10 11010111010
11 011111111010111
12 011111111011011
13 011111111011111
14 011111111100011
15 011111111100111
16 011111111101011
17 011111111101111
18 011111111110011
19 011111111110111
20 011111111111011
21 011111111111111
22 100010010000011
23 100010010000111
24 100010010001011
25 100010010001111
26 100010010010011
27 100010010010111
28 100010010011011
29 100010010011111
30 100010010100011
31 100010010100111
32 1110
33 100011011
34 100010010101011
35 0100111010
36 100010010101111
37 011110000
38 1000100110000
39 011111001
40 1101011101100
41 100010011001
42 100010010111011
43 100010010111111
44 10001001110
45 100010111
46 101001
47 1000100110111
48 010000
49 010001
50 11011111
51 01111001
52 1000101100
53 1101011111
54 0111100010
55 10101110010
56 1101011000
57 1010111000
58 110101101
59 10001001101101
60 10101111
61 1000100111101
62 10111000
63 1101011100
64 100010011000111
65 10111001
66 10001000
67 1101011110
68 01111101
69 1000111
70 101011101
71 10001100
72 011111110
73 10001010
74 101011100111
75 01001110110
76 01001111
77 0111101
78 01111110
79 1101011001
80 11011110
81 11010111011011
82 10111010
83 1100101
84 1101010
85 01001110111
86 110101110111
87 01111111100
88 010011100
89 10111011
90 10001001111101
91 100010011110011
92 0111100011000
93 100010011111111
94 100010011010011
95 0100110
96 100010010110011
97 1001
98 1101110
99 00011
100 10000
101 1111
102 110110
103 101111
104 110011
105 0011
106 1101001
107 1100100
108 11000
109 00010
110 0010
111 0101
112 101010
113 1010111001101
114 0110
115 10110
116 0000
117 01110
118 010010
119 101000
120 011111000
121 1010110
122 1000101101
123 100010010110111
124 101011100110011
125 011110001111011
126 100011010
127 011110001110011
128 100010011010111
129 100010011010101
130 011110001110001
131 011110001111001
132 101011100110001
133 100010010110101
134 100010010110001
135 100010011010001
136 100010011111101
137 100010011111001
138 100010011110001
139 100010011011001
140 100010011000101
141 100010010111101
142 100010010111001
143 100010010101101
144 100010010101001
145 100010010100101
146 100010010100001
147 100010010011101
148 100010010011001
149 100010010010101
150 100010010010001
151 100010010001101
152 100010010001001
153 100010010000101
154 100010010000001
155 011111111111101
156 011111111111001
157 011111111110101
158 011111111110001
159 011111111101101
160 011111111101001
161 011111111100101
162 011111111100001
163 011111111011101
164 011111111011001
165 011111111010101
166 011111111010001
167 011110001111101
168 011110001110101
169 011110001101101
170 011110001101001
171 110101110110100
172 011110001101000
173 011110001101100
174 011110001110100
175 011110001111100
176 011111111010000
177 011111111010100
178 011111111011000
179 011111111011100
180 011111111100000
181 011111111100100
182 011111111101000
183 011111111101100
184 011111111110000
185 011111111110100
186 011111111111000
187 011111111111100
188 100010010000000
189 100010010000100
190 100010010001000
191 100010010001100
192 100010010010000
193 100010010010100
194 100010010011000
195 100010010011100
196 100010010100000
197 100010010100100
198 100010010101000
199 100010010101100
200 100010010111000
201 100010010111100
202 100010011000100
203 100010011011000
204 100010011110000
205 100010011111000
206 100010011111100
207 100010011010000
208 100010010110000
209 100010010110100
210 101011100110000
211 011110001111000
212 011110001110000
213 100010011010100
214 100010011010110
215 011110001110010
216 011110001111010
217 101011100110010
218 100010010110110
219 100010010110010
220 100010011010010
221 100010011111110
222 100010011110010
223 100010011000110
224 100010010111110
225 100010010111010
226 100010010101110
227 100010010101010
228 100010010100110
229 100010010100010
230 100010010011110
231 100010010011010
232 100010010010110
233 100010010010010
234 100010010001110
235 100010010001010
236 100010010000110
237 100010010000010
238 011111111111110
239 011111111111010
240 011111111110110
241 011111111110010
242 011111111101110
243 011111111101010
244 011111111100110
245 011111111100010
246 011111111011110
247 011111111011010
248 011111111010110
249 011111111010010
250 011110001111110
251 011110001110110
252 011110001101110
253 011110001101010
254 011110001100110
255 011110001100100
